-1.1036507585724333
-0.5111703936169758
-0.008759734302216684
0.2636739870924831
0.42546308840010627
0.640452641258267
0.752327677572453
0.8318340102844313
0.8217250351335857
0.5910327405679315
0.4430077368070742
0.5135105237748081
0.5338033128399037
0.5753903945535445
0.5595580697857758
0.49004939338109643
0.4722842523464433
0.40399302079979593
0.36367499440116224
0.4828607782519232
0.6459732315860856
0.49534926315134
0.2555553372546335
0.13589069344080335
-0.024144668792737287
0.09206164699370954
0.28568992264214194
0.4038382687667773
0.21478576582942913
0.04247449724111433
-0.08633128874141174
-0.544261552182005
-0.3888688936004529
0.8860288296439196
0.1290043023201055
-0.17326707635388175
0.028928265443251826
0.20033382071469324
0.2923401243251371
0.30532161121353674
0.0771203741320842
-1.0589631295020974
-1.0489903530343474
-0.3266678398246404
0.07168396548193363
0.4694645528632
0.5593195945783879
0.2424892779425071
-0.18637839549681515
-0.4784329254037924
-0.5679499346748907
-0.2911135966909082
-0.000017996099670610878
0.4362851346611899
0.8296934305133177
0.8508698124871845
0.22531658610201233
-0.0719461823062096
0.27917807537566686
0.4270971178073046
0.5295261391618792
0.6618518388522279
0.5185922202594925
0.12169369839531728
-0.15772392465705304
-0.44662511832662377
0.052486433631477626
0.6067445526637256
0.9536347814759252
1.0041676067589396
0.6170873317118108
0.1602466222593934
-0.1208137101787172
-0.09416729659359119
0.329469654414881
0.7847178904759198
1.0845067788352556
1.081204414765634
0.9285402309817897
0.9036274636241375
0.9416853928532346
0.9861932612372499
1.078129573690889
1.053629580169305
1.2261137683966643
1.2035470644699506
0.7120873747052325
0.9295311022106962
0.55538937909681
0.0792701520208196
-0.14774888384946672
-0.25546185646952546
0.16840510816125093