0.736636
-0.00113116
-0.728071
-4.24231
-16.1775
-68.5454
-40.1521
-16.7891
-6.32929
-7.50372
-6.3322
-1.97682
0.718014
1.99714
4.07408
9.38275
4.09194
0.562338
0.869305
1.07734
3.59298
13.1335
14.6075
8.57484
3.0408
1.01585
3.19161
11.5383
21.6267
74.1945
24.0001
14.9655
5.75329
15.8557
44.9732
103.304
295.12
363.684
110.686
44.9031
23.0951
15.8491
23.9933
49.2657
133.528
65.5187
21.4721
6.40511
1.50812
0.198471
0.00627411
-0.608862
-1.19253
1.06313
0.775713
-0.235812
-1.47255
-4.82519
-14.7861
-51.3172
-158.517
-31.1255
-16.7888
-6.69476
-29.3019
-84.2644
-261.993
-806.782
-223.341
-61.0173
-17.4345
-6.82616
-17.8384
-56.6058
-224.854
-528.483
-445.435
-233.421
-329.792
-327.045
-158.185
-35.9012
-17.3041
-15.5498
-4.70248
-2.70484
-7.84366
-30.4055
-112.084
-112.078
-40.3093
-9.1616
-6.12593
