-0.18592339204731947
0.08589265162801145
0.5255422147798241
0.8842451508793726
0.9390034170536219
0.6011925446051457
0.05920428715349717
-0.33068892584188037
-0.3604264823658643
-0.11407859921179717
0.18446019506394268
0.32332697324708964
0.15712744433975537
-0.16992881547290617
-0.41718988674286933
-0.3517626425106538
-0.051899193539124575
0.3566189412184856
0.6262446899151234
0.6735966604305366
0.5749548388989701
0.33792537391335536
0.08205216103274916
-0.058150420938388805
-0.07356047736023474
0.006749725139703499
0.17434076968780382
0.40097947355480396
0.6759436961161973
0.8415491711789904
1.0242453980394344
1.017384168873244
0.8569097971666798
0.6858771132491988
0.5154074300941885
0.4034179498800563
0.32209503649896243
0.2911320408581537
0.30307260982309087
0.3789997315567123
0.526105727036769
0.6579665639767911
0.7343726519068272
0.6679820590809306
0.44950667885837664
0.14482607563095914
-0.08907848319393948
-0.1801527388550217
-0.07518625725174084
0.017726229024175064
0.1342101316282809
0.21682142756675443
0.26035755349654094
0.4975339536701552
0.8452233377285836
1.2518110934811388
1.6208383822278216
1.6165870249478722
1.3888017540068924
1.0012642709289072
0.7288789081680658
0.6939916490420551
0.8946663344476296
1.1782170587224947
1.2075164408069565
1.0486821137165703
0.8227172499238671
0.7028929877730287
0.7352959416561036
0.8994114120761405
1.0512005324995557
1.0546298296452143
0.8347920853806886
0.5770451508234755
0.46770410631213954
0.5257968444744331
0.6894485082008976
0.8370807257958566
0.8063142625631204
0.6212046022689293
0.3900543562304422
0.3099053530529887
0.4745182078767032
0.7921187158836802
1.1136843855486644
1.3333529971825495
1.4006504984660888
1.3458632458805744
1.2764773279956882
1.2290685020468015
1.2123009335338795
1.1372806565191205
0.9588315439221115