-0.0917072
0.053641
0.171918
0.193579
0.130987
0.00479723
-0.226553
-0.501343
-0.788274
-0.699502
-0.384301
-0.220301
-0.157091
-0.0589546
-0.14061
-0.401631
-0.614626
-0.821389
-0.699904
-0.424918
-0.344167
-0.296599
-0.431693
-0.678114
-1.17528
-1.5362
-1.14082
-0.579577
-0.175253
0.246136
0.572435
0.752649
0.340125
-0.114834
-0.0754783
0.111857
0.321068
0.468458
0.495278
0.281224
-0.193674
-0.389608
-0.58564
-0.677042
-0.6127
-0.545627
-0.166323
0.234772
0.370243
0.245047
0.0655986
0.0063266
0.250332
0.70624
0.93047
1.03047
1.11407
1.08168
0.709051
0.413053
0.51106
0.626707
0.796466
1.16404
1.47804
1.49801
1.32694
0.979558
0.554724
0.622674
0.954948
1.21362
1.48913
1.59508
1.43442
1.01447
0.764845
0.749179
0.950156
1.1008
1.12541
0.877175
0.624883
0.768627
1.10514
1.44319
1.66924
1.64651
1.41551
1.13722
1.13222
1.38316
1.68314
